245
194
238
211
217
300
245
286
284
311
308
316
319
323
329
295
308
310
431
346
351
239
246
322
384
337
311
282
338
254
266
242
375
355
257
229
295
295
265
355
245
229
281
316
327
308
379
357
325
296
270
287
315
295
214
382
244
335
315
315
327
310
386
267
264
326
380
249
346
307
384
324
230
263
388
216
298
263
410
357
326
301
273
260
336
269
304
344
310
351
330
310
304
291
347
285
286
264
234
268
308
325
308
277
326
386
270
318
433
291
333
319
262
321
256
330
224
289
354
463
274
312
394
241
313
334
292
239
311
274
337
298
279
306
271
341
341
316
287
274
249
327
225
316
259
318
275
242
218
321
376
298
363
343
326
313
297
228
332
344
314
297
339
339
340
361
440
372
376
380
301
371
302
242
283
303
328
262
284
263
251
299
318
311
302
313
272
259
286
314
316
244
204
227
285
269
277
303
343
289
346
318
382
329
313
267
288
291
255
259
251
271
319
294
251
235
319
242
275
268
302
348
313
363
281
285
341
381
347
257
312
387
297
248
242
279
339
332
280
406
337
318
296
349
399
252
268
317
334
322
326
272
303
364
309
331
285
221
310
335
315
317
382
373
332
293
247
265
340
253
267
284
336
288
274
252
239
280
258
263
287
321
258
277
315
337
324
341
259
309
330
305
310
304
285
280
302
288
312
251
