462
489
471
568
519
613
562
457
552
512
511
592
520
535
523
522
538
570
617
511
593
508
552
550
520
521
464
475
541
533
533
498
483
514
552
551
494
563
453
495
471
606
480
559
523
483
488
536
519
534
500
492
601
463
470
507
473
519
508
490
611
505
529
464
560
514
537
547
460
530
561
461
489
526
549
481
504
408
481
452
508
502
555
478
546
470
699
534
500
505
444
583
497
463
504
550
523
452
503
467
501
479
503
520
573
525
526
529
503
502
454
508
499
530
504
541
500
535
544
518
529
492
454
503
520
454
559
437
607
544
602
549
557
524
508
491
507
536
555
503
503
490
533
510
527
479
504
456
530
577
539
499
499
488
568
564
546
504
504
538
511
464
595
529
606
540
567
415
496
555
503
477
547
602
481
542
572
462
528
561
566
568
503
514
527
480
578
485
528
565
515
588
619
519
540
484
544
509
508
451
508
504
624
486
535
481
620
529
524
489
495
532
469
560
495
605
550
500
567
521
494
597
567
529
577
517
512
576
543
571
461
569
566
488
525
601
604
525
588
505
509
587
563
508
554
487
516
539
582
509
532
445
467
472
495
505
601
482
514
514
532
473
494
563
517
494
566
534
495
456
566
544
519
593
434
424
459
474
497
565
467
581
536
428
569
511
438
529
519
516
561
624
580
471
502
533
588
574
570
516
