849
815
778
830
778
822
859
761
874
873
822
784
778
803
841
813
816
747
837
789
795
803
833
817
813
921
772
811
746
896
802
786
799
876
837
842
732
857
782
803
779
851
786
781
773
811
838
863
841
786
839
792
786
763
776
754
792
765
788
767
820
762
810
823
804
840
838
812
786
814
761
775
838
807
776
779
783
779
798
862
802
785
862
869
914
842
757
784
850
788
810
882
854
895
825
851
819
836
821
810
845
791
868
770
784
843
785
765
802
783
838
800
827
796
811
784
828
773
818
826
915
828
844
818
831
824
786
760
804
866
802
851
787
822
841
851
811
830
858
837
779
784
794
781
777
826
778
818
830
800
891
858
791
782
840
800
848
804
800
875
778
825
868
856
808
829
800
819
839
804
845
840
872
828
819
891
829
908
883
891
778
855
769
817
815
778
771
866
796
864
800
793
825
874
865
797
846
889
906
786
821
827
856
802
779
774
867
767
782
833
849
790
816
852
849
805
886
833
780
744
847
769
753
792
812
858
827
810
841
840
813
760
859
792
798
771
735
905
808
760
894
815
860
787
851
808
794
859
823
817
806
786
778
848
824
781
767
838
822
906
813
840
843
783
844
843
821
763
897
843
877
776
861
809
771
746
834
858
800
850
883
782
770
742
852
844
855
798
756
834
807
800
785
860
808
839
731
853
865
754
