343
401
412
402
352
442
483
408
411
388
405
448
401
556
419
427
497
460
425
414
432
414
434
459
401
339
399
383
478
448
457
450
417
413
368
405
470
435
449
515
484
368
409
382
432
416
461
473
514
475
457
484
415
411
428
409
485
492
452
486
430
398
420
367
426
462
429
466
440
432
392
432
401
402
468
461
483
384
383
402
354
351
395
412
439
386
434
510
447
456
396
516
412
422
427
451
515
399
388
465
417
436
482
453
475
418
458
472
459
401
450
501
462
512
499
438
434
468
503
511
406
369
386
484
438
469
430
413
395
403
440
445
434
399
342
442
410
461
418
440
390
403
378
437
420
469
453
476
478
491
413
418
404
409
385
504
413
381
542
547
425
346
416
485
465
454
363
347
361
371
460
519
428
491
516
456
403
372
423
398
437
452
454
515
466
396
400
500
446
378
370
458
422
349
386
500
475
439
524
441
372
364
352
361
341
357
370
349
399
392
413
450
387
379
407
374
397
435
417
524
508
500
436
434
573
400
494
537
384
386
396
456
501
484
430
413
440
538
559
506
406
419
497
489
461
470
460
504
447
439
472
397
376
471
459
404
458
398
377
392
419
421
427
440
363
405
402
435
582
503
393
516
503
419
457
421
451
482
434
460
423
423
416
404
497
411
495
418
422
526
516
483
448
451
454
447
423
455
457
451
