INFO:tensorflow:---------------------------------------------------------------------------
INFO:tensorflow:-------Running Experiements------------------------------------------------
INFO:tensorflow:-------Batch 1. Forward Pass only. Preprocessing Excluded------------------
INFO:tensorflow:model_file: /home/nvidia/mobisys18/pretrained_models/frozen_mobilenet_v1.pb
2018-05-14 01:19:26.989468: I tensorflow/stream_executor/cuda/cuda_gpu_executor.cc:857] ARM64 does not support NUMA - returning NUMA node zero
2018-05-14 01:19:26.989599: I tensorflow/core/common_runtime/gpu/gpu_device.cc:955] Found device 0 with properties: 
name: GP10B
major: 6 minor: 2 memoryClockRate (GHz) 1.3005
pciBusID 0000:00:00.0
Total memory: 7.67GiB
Free memory: 4.33GiB
2018-05-14 01:19:26.989641: I tensorflow/core/common_runtime/gpu/gpu_device.cc:976] DMA: 0 
2018-05-14 01:19:26.989667: I tensorflow/core/common_runtime/gpu/gpu_device.cc:986] 0:   Y 
2018-05-14 01:19:26.989694: I tensorflow/core/common_runtime/gpu/gpu_device.cc:1045] Creating TensorFlow device (/gpu:0) -> (device: 0, name: GP10B, pci bus id: 0000:00:00.0)
2018-05-14 01:19:26.990463: E tensorflow/stream_executor/cuda/cuda_driver.cc:924] failed to allocate 4.03G (4331552768 bytes) from device: CUDA_ERROR_OUT_OF_MEMORY
INFO:tensorflow:average latency: 12.7ms, std: 0.2ms
INFO:tensorflow:latencies: [0.013204097747802734, 0.01285099983215332, 0.012859106063842773, 0.012749195098876953, 0.01317596435546875, 0.01287984848022461, 0.013047218322753906, 0.012753963470458984, 0.012768030166625977, 0.01282811164855957, 0.012942075729370117, 0.012881994247436523, 0.012964010238647461, 0.012845039367675781, 0.012989044189453125, 0.01293802261352539, 0.012911081314086914, 0.012912988662719727, 0.012931108474731445, 0.012959957122802734, 0.012840986251831055, 0.0128021240234375, 0.012964963912963867, 0.012908935546875, 0.012888908386230469, 0.012803792953491211, 0.012937784194946289, 0.012825965881347656, 0.012881994247436523, 0.01281595230102539, 0.012845039367675781, 0.012794017791748047, 0.01349020004272461, 0.012750864028930664, 0.012843132019042969, 0.01265096664428711, 0.012707948684692383, 0.012788057327270508, 0.01260995864868164, 0.012610912322998047, 0.012708902359008789, 0.012634038925170898, 0.012688875198364258, 0.012674093246459961, 0.012594938278198242, 0.012746095657348633, 0.012669086456298828, 0.012614011764526367, 0.01271200180053711, 0.012651920318603516, 0.012663125991821289, 0.012614011764526367, 0.012657880783081055, 0.012660026550292969, 0.012705087661743164, 0.012562036514282227, 0.012683868408203125, 0.012594938278198242, 0.012823820114135742, 0.012805938720703125, 0.012681007385253906, 0.01272892951965332, 0.012611150741577148, 0.012664794921875, 0.012737035751342773, 0.012785911560058594, 0.01276397705078125, 0.012686014175415039, 0.012701988220214844, 0.012694835662841797, 0.01267099380493164, 0.012625932693481445, 0.01263880729675293, 0.012565135955810547, 0.012661933898925781, 0.01266789436340332, 0.012679100036621094, 0.012688875198364258, 0.012599945068359375, 0.012685060501098633, 0.012634038925170898, 0.01282501220703125, 0.012627124786376953, 0.012710094451904297, 0.012585163116455078, 0.012739896774291992, 0.01257014274597168, 0.01281118392944336, 0.012597084045410156, 0.01275777816772461, 0.013216018676757812, 0.012794017791748047, 0.012733936309814453, 0.01279902458190918, 0.012994050979614258, 0.012621879577636719, 0.012798070907592773, 0.012799978256225586, 0.012706995010375977, 0.012691974639892578, 0.012590885162353516, 0.012814998626708984, 0.012588977813720703, 0.012625932693481445, 0.012599945068359375, 0.012722015380859375, 0.012624979019165039, 0.012749910354614258, 0.012833118438720703, 0.012672901153564453, 0.012739896774291992, 0.012676000595092773, 0.01258087158203125, 0.012763023376464844, 0.01260995864868164, 0.012614011764526367, 0.012696027755737305, 0.012630939483642578, 0.012597084045410156, 0.01337289810180664, 0.012691020965576172, 0.012861013412475586, 0.012653112411499023, 0.012691974639892578, 0.012696027755737305, 0.012739896774291992, 0.012660026550292969, 0.012601137161254883, 0.012674093246459961, 0.012671947479248047, 0.012650012969970703, 0.01265716552734375, 0.012669086456298828, 0.012654781341552734, 0.012835025787353516, 0.012712955474853516, 0.012664079666137695, 0.012662887573242188, 0.012660026550292969, 0.012686967849731445, 0.012661933898925781, 0.01283407211303711, 0.012785911560058594, 0.012745141983032227, 0.012629032135009766, 0.012843847274780273, 0.01264500617980957, 0.012717008590698242, 0.012712955474853516, 0.01265096664428711, 0.01271200180053711, 0.012655019760131836, 0.012644052505493164, 0.012862920761108398, 0.012634038925170898, 0.012694835662841797, 0.012820959091186523, 0.012731075286865234, 0.012745141983032227, 0.012640953063964844, 0.012701988220214844, 0.012577056884765625, 0.01283407211303711, 0.012804985046386719, 0.01276087760925293, 0.012638092041015625, 0.012675046920776367, 0.012573957443237305, 0.012688875198364258, 0.012659072875976562, 0.01278996467590332, 0.012630939483642578, 0.012653827667236328, 0.012783050537109375, 0.012653827667236328, 0.012678146362304688, 0.012614965438842773, 0.013104915618896484, 0.012718915939331055, 0.012727022171020508, 0.012620925903320312, 0.012664079666137695, 0.012742042541503906, 0.012708902359008789, 0.0126190185546875, 0.012697935104370117, 0.01264810562133789, 0.012740135192871094, 0.012675046920776367, 0.012635946273803711, 0.012742042541503906, 0.012575149536132812, 0.012818098068237305, 0.012598991394042969, 0.012679100036621094, 0.012634992599487305, 0.012666940689086914, 0.012819051742553711, 0.012612104415893555, 0.012717962265014648, 0.012687921524047852, 0.012634992599487305, 0.012661933898925781, 0.012661933898925781, 0.012678861618041992, 0.012669801712036133, 0.013209104537963867, 0.012706995010375977, 0.012755155563354492, 0.012773990631103516, 0.012624025344848633, 0.012717962265014648, 0.012874126434326172, 0.012665987014770508, 0.012685060501098633, 0.012547969818115234, 0.012749910354614258, 0.012704133987426758, 0.012694835662841797, 0.01261281967163086, 0.012712955474853516, 0.012645959854125977, 0.012611150741577148, 0.01262807846069336, 0.012597084045410156, 0.015012979507446289, 0.01318502426147461, 0.013927936553955078, 0.012939929962158203, 0.013118982315063477, 0.012835025787353516, 0.013122081756591797, 0.012753963470458984, 0.012998819351196289, 0.012892007827758789, 0.012871026992797852, 0.01264810562133789, 0.012768983840942383, 0.012838125228881836, 0.01277017593383789, 0.012684822082519531, 0.012564897537231445, 0.0126800537109375, 0.01270294189453125, 0.0126800537109375, 0.012678146362304688, 0.012594938278198242, 0.012678146362304688, 0.012767791748046875, 0.012676000595092773, 0.012753009796142578, 0.012722969055175781, 0.012835025787353516, 0.012669086456298828, 0.012726068496704102, 0.012671947479248047, 0.012603044509887695, 0.012787818908691406, 0.012637138366699219, 0.012636899948120117, 0.012637138366699219, 0.01270604133605957, 0.012921810150146484, 0.013024091720581055, 0.012676000595092773, 0.012676000595092773, 0.012698888778686523, 0.012684106826782227, 0.012748003005981445, 0.012639045715332031, 0.012598037719726562, 0.012665033340454102, 0.01270294189453125, 0.012682199478149414, 0.012647151947021484, 0.012590885162353516, 0.012695074081420898, 0.012625932693481445, 0.012677192687988281, 0.012650012969970703, 0.012648820877075195, 0.012656927108764648, 0.012624979019165039, 0.012662887573242188, 0.01271200180053711, 0.012658119201660156, 0.01260995864868164, 0.01258087158203125, 0.012662887573242188, 0.01259303092956543, 0.01267099380493164, 0.014035224914550781, 0.012775897979736328, 0.01265406608581543, 0.012688875198364258, 0.012681007385253906, 0.01263880729675293, 0.012836933135986328, 0.012663841247558594, 0.012698173522949219]
