237
205
291
271
241
236
215
217
242
210
217
256
225
241
245
272
252
238
260
230
227
300
241
220
259
210
214
254
226
259
251
258
255
216
294
268
254
285
314
334
272
260
315
264
276
263
250
264
269
377
302
278
336
325
363
355
292
289
286
285
268
341
363
424
427
392
351
439
345
448
342
395
409
435
378
339
322
334
383
406
352
317
367
431
412
342
368
354
406
436
379
380
442
406
474
338
430
429
350
311
302
326
329
448
403
395
420
385
410
385
401
269
295
328
371
416
453
324
285
374
413
418
352
392
281
340
321
365
382
429
363
409
433
312
262
364
430
386
381
393
385
409
426
419
415
400
349
293
339
440
437
423
403
416
389
357
449
405
419
343
368
372
309
343
318
387
389
488
356
215
219
242
386
270
213
182
213
312
439
313
357
271
327
262
329
385
303
282
310
331
372
333
268
321
381
385
377
378
330
342
322
382
404
382
391
419
382
422
437
386
439
349
382
401
442
329
321
337
437
354
349
439
388
414
421
433
408
445
389
394
425
416
416
361
435
394
398
460
419
325
375
360
325
326
392
359
411
326
400
353
422
416
369
452
342
338
323
366
423
367
445
333
277
335
348
342
456
402
288
307
448
427
351
381
375
408
405
388
418
451
413
450
403
352
383
391
401
410
409
365
380
343
405
480
443
388
353
369
445
333
mean (ms): 351.86
std (ms): 67.424877558008
