846
875
885
864
891
866
841
865
866
881
912
890
865
887
897
897
855
878
856
900
859
866
879
960
998
947
873
834
894
874
892
890
895
886
871
860
877
892
872
886
874
936
1043
1048
1018
916
1024
1076
1169
1253
958
882
884
871
886
892
879
890
866
904
835
897
853
884
1074
918
1007
1072
886
891
879
893
877
879
876
854
867
867
887
890
855
883
886
875
855
894
877
888
840
863
874
863
868
909
1060
1376
1397
1209
942
870
883
880
963
1323
1208
1068
928
934
873
867
848
876
872
883
878
890
879
884
876
887
880
879
918
914
888
838
873
867
863
920
920
1138
1184
1132
1091
1350
1355
1365
928
883
963
1154
1177
1075
1029
1064
1021
1125
874
879
882
898
900
892
838
921
882
904
911
909
921
852
899
883
878
883
885
883
873
886
882
975
1018
1034
1056
1098
1138
1022
871
867
887
902
903
891
884
894
1158
871
889
873
861
884
888
868
898
1048
1030
1033
908
925
851
875
873
1001
1037
1277
1041
1063
1218
1135
1045
1112
1134
1224
1163
1051
1222
1164
1219
1232
1254
1424
1403
1322
1273
1307
1283
1222
1179
1181
1157
1144
1029
1114
989
1132
1130
1218
1194
1138
1220
1115
1150
1146
1200
1243
881
894
984
1031
1154
1155
1186
958
881
893
877
866
874
878
1039
995
895
905
929
883
1052
894
966
896
890
891
904
900
922
902
931
861
890
1065
1032
881
995
1229
1059
1091
1078
1177
1143
1215
1182
1011
1066
1139
1145
1298
1248
1176
1106
1226
mean (ms): 983.2233333333334
std (ms): 140.9438327924626
