796
804
775
740
804
785
800
778
769
791
788
815
755
770
865
790
819
789
738
825
743
776
762
741
747
749
737
751
738
840
867
798
786
781
792
870
798
791
810
736
801
836
791
754
786
751
744
828
818
842
771
820
732
889
769
819
726
789
799
788
781
886
803
787
834
795
808
835
742
792
749
760
880
736
729
839
802
820
730
796
719
773
852
728
803
832
789
757
834
789
810
820
928
805
799
789
834
810
802
783
810
705
803
889
870
804
818
777
850
835
746
846
858
741
823
779
784
812
873
735
795
815
798
838
752
824
813
797
780
742
742
748
741
853
766
807
754
823
837
749
793
729
754
789
760
845
778
800
803
770
822
857
740
734
749
781
802
784
860
843
805
763
837
792
781
808
820
781
763
779
774
807
852
829
836
770
792
796
785
752
807
857
742
735
781
779
770
771
762
747
848
774
807
850
737
848
732
788
814
786
785
855
814
789
857
739
769
787
799
796
845
832
780
849
818
798
795
726
741
804
863
860
950
861
808
792
730
775
815
800
785
786
836
785
781
814
875
773
845
809
848
794
754
766
748
832
730
886
856
766
763
817
814
824
851
799
781
724
731
744
873
733
824
727
866
902
836
732
747
801
764
847
748
727
740
763
846
739
825
770
789
707
796
783
875
813
765
791
730
795
765
795
735
854
739
808
712
928
759
779
mean (ms): 794.27
std (ms): 43.50055279701034
