348
343
364
332
333
410
368
378
469
356
447
304
358
395
364
294
353
367
309
350
347
368
320
350
322
323
464
445
409
352
436
402
345
445
431
447
417
491
526
416
550
470
443
439
473
375
439
427
454
441
501
480
440
508
350
494
537
479
493
470
418
442
458
463
530
532
422
479
497
458
433
463
446
559
469
486
459
524
428
460
432
384
535
457
489
436
422
448
426
550
507
370
445
394
501
338
489
397
488
468
501
561
362
431
428
379
385
474
469
490
393
467
445
370
480
432
464
429
416
419
302
365
335
417
452
506
463
402
469
563
460
417
445
432
447
496
418
486
445
462
606
477
430
517
489
539
418
490
380
399
381
415
444
454
383
501
464
437
499
441
452
369
426
491
553
464
374
421
505
565
447
533
429
485
416
412
419
402
517
535
470
377
422
530
355
415
532
478
464
435
436
442
514
486
467
426
471
390
326
426
478
618
460
419
415
341
386
397
552
388
429
453
486
449
440
533
501
389
588
488
522
372
443
410
335
401
499
415
527
404
511
400
490
357
408
458
442
579
373
494
476
432
412
442
363
404
424
492
416
431
419
464
561
464
413
467
480
445
476
453
413
415
402
413
464
511
466
400
408
478
426
383
424
386
502
440
392
480
569
388
430
424
535
478
372
411
507
460
553
424
434
403
476
471
355
435
513
410
421
358
mean (ms): 441.3166666666667
std (ms): 59.512088557736746
